117,52
117,51
117,50
117,49
117,48
117,47
117,46
117,45
117,44
117,43
117,42
117,41
117,40
117,39
117,38
117,37
117,36
117,35
10,148
10,16
10,114
10,13
10,73
10,182
10,240
10,313
10,2
10,3
11,9
9,7
9,2
9,3
116,4
116,3
8,6
8,8
8,17
8,18
8,5
8,13
116,2
116,1
116,0
108,3
108,2
108,1
108,0
100,3
100,2
100,1
100,0
95,4
95,3
95,2
95,1
86,3
86,2
86,1
86,0
69,3
69,2
69,1
64,3
64,2
64,1
64,0
27,3
27,1
26,4
26,3
26,1
24,3
24,2
24,1
20,2
20,1
12,3
20,3
12,2
12,1
11,30
11,29
11,28
11,27
11,26
11,25
11,24
11,23
11,22
11,21
11,20
11,19
11,18
11,17
11,16
11,15
19,2
19,1
11,14
11,13
11,12
11,11
11,7
11,3
19,3
11,2
11,1
10,280
10,274
10,270
10,266
10,260
10,254
10,253
10,217
10,172
10,159
10,155
10,97
